{
  "camera_angle_x": 0.6911111611634243,
  "frames": [
    {
      "file_path": "view12/frame_00001",
      "rotation": 0,
      "time": 0.0,
      "transform_matrix": [
        [
          -0.9006288051605225,
          -2.0743196049721746e-09,
          -0.43458911776542664,
          -1.5199999809265137
        ],
        [
          -0.43458911776542664,
          4.753335858254104e-08,
          0.9006288051605225,
          3.1500000953674316
        ],
        [
          1.8789288347420552e-08,
          1.0,
          -4.371138828673793e-08,
          0.699999988079071
        ],
        [
          0.0,
          0.0,
          0.0,
          1.0
        ]
      ]
    },
    {
      "file_path": "view13/frame_00001",
      "rotation": 0,
      "time": 0.0,
      "transform_matrix": [
        [
          -0.7337079048156738,
          -3.0548871876590056e-08,
          -0.6794650554656982,
          -2.380000114440918
        ],
        [
          -0.6794650554656982,
          1.9376075499621948e-07,
          0.7337079048156738,
          2.569999933242798
        ],
        [
          1.0923970705789543e-07,
          1.0,
          -1.6292068494294654e-07,
          0.699999988079071
        ],
        [
          0.0,
          0.0,
          0.0,
          1.0
        ]
      ]
    },
    {
      "file_path": "view01/frame_00001",
      "rotation": 0,
      "time": 0.0,
      "transform_matrix": [
        [
          0.9555932283401489,
          -3.894701450235516e-08,
          0.2946889400482178,
          1.0299999713897705
        ],
        [
          0.2946889400482178,
          -5.775327949208986e-08,
          -0.9555932283401489,
          -3.3399999141693115
        ],
        [
          5.42367573075353e-08,
          1.0,
          -4.371138828673793e-08,
          0.699999988079071
        ],
        [
          0.0,
          0.0,
          0.0,
          1.0
        ]
      ]
    },
    {
      "file_path": "view08/frame_00001",
      "rotation": 0,
      "time": 0.0,
      "transform_matrix": [
        [
          -0.7337079048156738,
          3.0548871876590056e-08,
          0.6794650554656982,
          2.380000114440918
        ],
        [
          0.6794650554656982,
          1.9376075499621948e-07,
          0.7337079048156738,
          2.569999933242798
        ],
        [
          -1.0923970705789543e-07,
          1.0,
          -1.6292068494294654e-07,
          0.699999988079071
        ],
        [
          0.0,
          0.0,
          0.0,
          1.0
        ]
      ]
    },
    {
      "file_path": "view16/frame_00001",
      "rotation": 0,
      "time": 0.0,
      "transform_matrix": [
        [
          0.07429277151823044,
          7.758412579050855e-08,
          -0.9972364902496338,
          -3.490000009536743
        ],
        [
          -0.9972364902496338,
          -2.519522901422988e-08,
          -0.07429277151823044,
          -0.25999999046325684
        ],
        [
          -3.0889541591250236e-08,
          1.0,
          7.549790126404332e-08,
          0.699999988079071
        ],
        [
          0.0,
          0.0,
          0.0,
          1.0
        ]
      ]
    },
    {
      "file_path": "view15/frame_00001",
      "rotation": 0,
      "time": 0.0,
      "transform_matrix": [
        [
          -0.22298011183738708,
          -1.8523228106914758e-07,
          -0.974822998046875,
          -3.4100000858306885
        ],
        [
          -0.974822998046875,
          -7.914611188652998e-08,
          0.22298011183738708,
          0.7799999713897705
        ],
        [
          -1.1845656189279907e-07,
          1.0,
          -1.6292068494294654e-07,
          0.699999988079071
        ],
        [
          0.0,
          0.0,
          0.0,
          1.0
        ]
      ]
    },
    {
      "file_path": "view06/frame_00001",
      "rotation": 0,
      "time": 0.0,
      "transform_matrix": [
        [
          -0.22298011183738708,
          1.8523228106914758e-07,
          0.974822998046875,
          3.4100000858306885
        ],
        [
          0.974822998046875,
          -7.914611188652998e-08,
          0.22298011183738708,
          0.7799999713897705
        ],
        [
          1.1845656189279907e-07,
          1.0,
          -1.6292068494294654e-07,
          0.699999988079071
        ],
        [
          0.0,
          0.0,
          0.0,
          1.0
        ]
      ]
    },
    {
      "file_path": "view20/frame_00001",
      "rotation": 0,
      "time": 0.0,
      "transform_matrix": [
        [
          0.9555932283401489,
          3.894701450235516e-08,
          -0.2946889400482178,
          -1.0299999713897705
        ],
        [
          -0.2946889400482178,
          -5.775327949208986e-08,
          -0.9555932283401489,
          -3.3399999141693115
        ],
        [
          -5.42367573075353e-08,
          1.0,
          -4.371138828673793e-08,
          0.699999988079071
        ],
        [
          0.0,
          0.0,
          0.0,
          1.0
        ]
      ]
    },
    {
      "file_path": "view04/frame_00001",
      "rotation": 0,
      "time": 0.0,
      "transform_matrix": [
        [
          0.3654755651950836,
          5.3415192269312683e-08,
          0.9308209419250488,
          3.259999990463257
        ],
        [
          0.9308209419250488,
          1.6440464989386783e-08,
          -0.3654755651950836,
          -1.2799999713897705
        ],
        [
          -3.4825077932509885e-08,
          1.0,
          -4.371138828673793e-08,
          0.699999988079071
        ],
        [
          0.0,
          0.0,
          0.0,
          1.0
        ]
      ]
    },
    {
      "file_path": "view07/frame_00001",
      "rotation": 0,
      "time": 0.0,
      "transform_matrix": [
        [
          -0.5001346468925476,
          -5.9068312907584186e-08,
          0.8659476637840271,
          3.0299999713897705
        ],
        [
          0.8659476637840271,
          1.8967182313645026e-07,
          0.5001346468925476,
          1.75
        ],
        [
          -1.937879829938538e-07,
          1.0,
          -4.371138828673793e-08,
          0.699999988079071
        ],
        [
          0.0,
          0.0,
          0.0,
          1.0
        ]
      ]
    },
    {
      "file_path": "view05/frame_00001",
      "rotation": 0,
      "time": 0.0,
      "transform_matrix": [
        [
          0.07429277151823044,
          -7.758412579050855e-08,
          0.9972364902496338,
          3.490000009536743
        ],
        [
          0.9972364902496338,
          -2.519522901422988e-08,
          -0.07429277151823044,
          -0.25999999046325684
        ],
        [
          3.0889541591250236e-08,
          1.0,
          7.549790126404332e-08,
          0.699999988079071
        ],
        [
          0.0,
          0.0,
          0.0,
          1.0
        ]
      ]
    },
    {
      "file_path": "view09/frame_00001",
      "rotation": 0,
      "time": 0.0,
      "transform_matrix": [
        [
          -0.9006288051605225,
          2.0743196049721746e-09,
          0.43458911776542664,
          1.5199999809265137
        ],
        [
          0.43458911776542664,
          4.753335858254104e-08,
          0.9006288051605225,
          3.1500000953674316
        ],
        [
          -1.8789288347420552e-08,
          1.0,
          -4.371138828673793e-08,
          0.699999988079071
        ],
        [
          0.0,
          0.0,
          0.0,
          1.0
        ]
      ]
    },
    {
      "file_path": "view03/frame_00001",
      "rotation": 0,
      "time": 0.0,
      "transform_matrix": [
        [
          0.6226029992103577,
          5.7841464951025046e-08,
          0.7825378775596619,
          2.740000009536743
        ],
        [
          0.7825378775596619,
          2.492351436345075e-09,
          -0.6226029992103577,
          -2.180000066757202
        ],
        [
          -3.796262859623312e-08,
          1.0,
          -4.371138828673793e-08,
          0.699999988079071
        ],
        [
          0.0,
          0.0,
          0.0,
          1.0
        ]
      ]
    },
    {
      "file_path": "view02/frame_00001",
      "rotation": 0,
      "time": 0.0,
      "transform_matrix": [
        [
          0.8262878060340881,
          7.981019400915557e-09,
          0.5632480978965759,
          1.9700000286102295
        ],
        [
          0.5632480978965759,
          -4.7460577690117134e-08,
          -0.8262878060340881,
          -2.890000104904175
        ],
        [
          2.013746147611073e-08,
          1.0,
          -4.371138828673793e-08,
          0.699999988079071
        ],
        [
          0.0,
          0.0,
          0.0,
          1.0
        ]
      ]
    },
    {
      "file_path": "view11/frame_00001",
      "rotation": 0,
      "time": 0.0,
      "transform_matrix": [
        [
          -0.9888943433761597,
          1.0250786175447502e-07,
          -0.14862006902694702,
          -0.5199999809265137
        ],
        [
          -0.14862006902694702,
          1.801561495540227e-07,
          0.9888943433761597,
          3.4600000381469727
        ],
        [
          1.281442649769815e-07,
          1.0,
          -1.6292068494294654e-07,
          0.699999988079071
        ],
        [
          0.0,
          0.0,
          0.0,
          1.0
        ]
      ]
    },
    {
      "file_path": "view18/frame_00001",
      "rotation": 0,
      "time": 0.0,
      "transform_matrix": [
        [
          0.6226029992103577,
          -5.7841464951025046e-08,
          -0.7825378775596619,
          -2.740000009536743
        ],
        [
          -0.7825378775596619,
          2.492351436345075e-09,
          -0.6226029992103577,
          -2.180000066757202
        ],
        [
          3.796262859623312e-08,
          1.0,
          -4.371138828673793e-08,
          0.699999988079071
        ],
        [
          0.0,
          0.0,
          0.0,
          1.0
        ]
      ]
    },
    {
      "file_path": "view00/frame_00001",
      "rotation": 0,
      "time": 0.0,
      "transform_matrix": [
        [
          1.0,
          0.0,
          0.0,
          0.0
        ],
        [
          0.0,
          -4.371138828673793e-08,
          -1.0,
          -3.5
        ],
        [
          0.0,
          1.0,
          -4.371138828673793e-08,
          0.699999988079071
        ],
        [
          0.0,
          0.0,
          0.0,
          1.0
        ]
      ]
    },
    {
      "file_path": "view14/frame_00001",
      "rotation": 0,
      "time": 0.0,
      "transform_matrix": [
        [
          -0.5001346468925476,
          5.9068312907584186e-08,
          -0.8659476637840271,
          -3.0299999713897705
        ],
        [
          -0.8659476637840271,
          1.8967182313645026e-07,
          0.5001346468925476,
          1.75
        ],
        [
          1.937879829938538e-07,
          1.0,
          -4.371138828673793e-08,
          0.699999988079071
        ],
        [
          0.0,
          0.0,
          0.0,
          1.0
        ]
      ]
    },
    {
      "file_path": "view17/frame_00001",
      "rotation": 0,
      "time": 0.0,
      "transform_matrix": [
        [
          0.3654755651950836,
          -5.3415192269312683e-08,
          -0.9308209419250488,
          -3.259999990463257
        ],
        [
          -0.9308209419250488,
          1.6440464989386783e-08,
          -0.3654755651950836,
          -1.2799999713897705
        ],
        [
          3.4825077932509885e-08,
          1.0,
          -4.371138828673793e-08,
          0.699999988079071
        ],
        [
          0.0,
          0.0,
          0.0,
          1.0
        ]
      ]
    },
    {
      "file_path": "view19/frame_00001",
      "rotation": 0,
      "time": 0.0,
      "transform_matrix": [
        [
          0.8262878060340881,
          -7.981019400915557e-09,
          -0.5632480978965759,
          -1.9700000286102295
        ],
        [
          -0.5632480978965759,
          -4.7460577690117134e-08,
          -0.8262878060340881,
          -2.890000104904175
        ],
        [
          -2.013746147611073e-08,
          1.0,
          -4.371138828673793e-08,
          0.699999988079071
        ],
        [
          0.0,
          0.0,
          0.0,
          1.0
        ]
      ]
    },
    {
      "file_path": "view10/frame_00001",
      "rotation": 0,
      "time": 0.0,
      "transform_matrix": [
        [
          -0.9888943433761597,
          -1.0250786175447502e-07,
          0.14862006902694702,
          0.5199999809265137
        ],
        [
          0.14862006902694702,
          1.801561495540227e-07,
          0.9888943433761597,
          3.4600000381469727
        ],
        [
          -1.281442649769815e-07,
          1.0,
          -1.6292068494294654e-07,
          0.699999988079071
        ],
        [
          0.0,
          0.0,
          0.0,
          1.0
        ]
      ]
    },
    {
      "file_path": "view03/frame_00002",
      "rotation": 0,
      "time": 0.041666666666666664,
      "transform_matrix": [
        [
          0.6226029992103577,
          5.7841464951025046e-08,
          0.7825378775596619,
          2.740000009536743
        ],
        [
          0.7825378775596619,
          2.492351436345075e-09,
          -0.6226029992103577,
          -2.180000066757202
        ],
        [
          -3.796262859623312e-08,
          1.0,
          -4.371138828673793e-08,
          0.699999988079071
        ],
        [
          0.0,
          0.0,
          0.0,
          1.0
        ]
      ]
    },
    {
      "file_path": "view02/frame_00002",
      "rotation": 0,
      "time": 0.041666666666666664,
      "transform_matrix": [
        [
          0.8262878060340881,
          7.981019400915557e-09,
          0.5632480978965759,
          1.9700000286102295
        ],
        [
          0.5632480978965759,
          -4.7460577690117134e-08,
          -0.8262878060340881,
          -2.890000104904175
        ],
        [
          2.013746147611073e-08,
          1.0,
          -4.371138828673793e-08,
          0.699999988079071
        ],
        [
          0.0,
          0.0,
          0.0,
          1.0
        ]
      ]
    },
    {
      "file_path": "view10/frame_00002",
      "rotation": 0,
      "time": 0.041666666666666664,
      "transform_matrix": [
        [
          -0.9888943433761597,
          -1.0250786175447502e-07,
          0.14862006902694702,
          0.5199999809265137
        ],
        [
          0.14862006902694702,
          1.801561495540227e-07,
          0.9888943433761597,
          3.4600000381469727
        ],
        [
          -1.281442649769815e-07,
          1.0,
          -1.6292068494294654e-07,
          0.699999988079071
        ],
        [
          0.0,
          0.0,
          0.0,
          1.0
        ]
      ]
    },
    {
      "file_path": "view15/frame_00002",
      "rotation": 0,
      "time": 0.041666666666666664,
      "transform_matrix": [
        [
          -0.22298011183738708,
          -1.8523228106914758e-07,
          -0.974822998046875,
          -3.4100000858306885
        ],
        [
          -0.974822998046875,
          -7.914611188652998e-08,
          0.22298011183738708,
          0.7799999713897705
        ],
        [
          -1.1845656189279907e-07,
          1.0,
          -1.6292068494294654e-07,
          0.699999988079071
        ],
        [
          0.0,
          0.0,
          0.0,
          1.0
        ]
      ]
    },
    {
      "file_path": "view20/frame_00002",
      "rotation": 0,
      "time": 0.041666666666666664,
      "transform_matrix": [
        [
          0.9555932283401489,
          3.894701450235516e-08,
          -0.2946889400482178,
          -1.0299999713897705
        ],
        [
          -0.2946889400482178,
          -5.775327949208986e-08,
          -0.9555932283401489,
          -3.3399999141693115
        ],
        [
          -5.42367573075353e-08,
          1.0,
          -4.371138828673793e-08,
          0.699999988079071
        ],
        [
          0.0,
          0.0,
          0.0,
          1.0
        ]
      ]
    },
    {
      "file_path": "view11/frame_00002",
      "rotation": 0,
      "time": 0.041666666666666664,
      "transform_matrix": [
        [
          -0.9888943433761597,
          1.0250786175447502e-07,
          -0.14862006902694702,
          -0.5199999809265137
        ],
        [
          -0.14862006902694702,
          1.801561495540227e-07,
          0.9888943433761597,
          3.4600000381469727
        ],
        [
          1.281442649769815e-07,
          1.0,
          -1.6292068494294654e-07,
          0.699999988079071
        ],
        [
          0.0,
          0.0,
          0.0,
          1.0
        ]
      ]
    },
    {
      "file_path": "view06/frame_00002",
      "rotation": 0,
      "time": 0.041666666666666664,
      "transform_matrix": [
        [
          -0.22298011183738708,
          1.8523228106914758e-07,
          0.974822998046875,
          3.4100000858306885
        ],
        [
          0.974822998046875,
          -7.914611188652998e-08,
          0.22298011183738708,
          0.7799999713897705
        ],
        [
          1.1845656189279907e-07,
          1.0,
          -1.6292068494294654e-07,
          0.699999988079071
        ],
        [
          0.0,
          0.0,
          0.0,
          1.0
        ]
      ]
    },
    {
      "file_path": "view05/frame_00002",
      "rotation": 0,
      "time": 0.041666666666666664,
      "transform_matrix": [
        [
          0.07429277151823044,
          -7.758412579050855e-08,
          0.9972364902496338,
          3.490000009536743
        ],
        [
          0.9972364902496338,
          -2.519522901422988e-08,
          -0.07429277151823044,
          -0.25999999046325684
        ],
        [
          3.0889541591250236e-08,
          1.0,
          7.549790126404332e-08,
          0.699999988079071
        ],
        [
          0.0,
          0.0,
          0.0,
          1.0
        ]
      ]
    },
    {
      "file_path": "view09/frame_00002",
      "rotation": 0,
      "time": 0.041666666666666664,
      "transform_matrix": [
        [
          -0.9006288051605225,
          2.0743196049721746e-09,
          0.43458911776542664,
          1.5199999809265137
        ],
        [
          0.43458911776542664,
          4.753335858254104e-08,
          0.9006288051605225,
          3.1500000953674316
        ],
        [
          -1.8789288347420552e-08,
          1.0,
          -4.371138828673793e-08,
          0.699999988079071
        ],
        [
          0.0,
          0.0,
          0.0,
          1.0
        ]
      ]
    },
    {
      "file_path": "view18/frame_00002",
      "rotation": 0,
      "time": 0.041666666666666664,
      "transform_matrix": [
        [
          0.6226029992103577,
          -5.7841464951025046e-08,
          -0.7825378775596619,
          -2.740000009536743
        ],
        [
          -0.7825378775596619,
          2.492351436345075e-09,
          -0.6226029992103577,
          -2.180000066757202
        ],
        [
          3.796262859623312e-08,
          1.0,
          -4.371138828673793e-08,
          0.699999988079071
        ],
        [
          0.0,
          0.0,
          0.0,
          1.0
        ]
      ]
    },
    {
      "file_path": "view16/frame_00002",
      "rotation": 0,
      "time": 0.041666666666666664,
      "transform_matrix": [
        [
          0.07429277151823044,
          7.758412579050855e-08,
          -0.9972364902496338,
          -3.490000009536743
        ],
        [
          -0.9972364902496338,
          -2.519522901422988e-08,
          -0.07429277151823044,
          -0.25999999046325684
        ],
        [
          -3.0889541591250236e-08,
          1.0,
          7.549790126404332e-08,
          0.699999988079071
        ],
        [
          0.0,
          0.0,
          0.0,
          1.0
        ]
      ]
    },
    {
      "file_path": "view08/frame_00002",
      "rotation": 0,
      "time": 0.041666666666666664,
      "transform_matrix": [
        [
          -0.7337079048156738,
          3.0548871876590056e-08,
          0.6794650554656982,
          2.380000114440918
        ],
        [
          0.6794650554656982,
          1.9376075499621948e-07,
          0.7337079048156738,
          2.569999933242798
        ],
        [
          -1.0923970705789543e-07,
          1.0,
          -1.6292068494294654e-07,
          0.699999988079071
        ],
        [
          0.0,
          0.0,
          0.0,
          1.0
        ]
      ]
    },
    {
      "file_path": "view07/frame_00002",
      "rotation": 0,
      "time": 0.041666666666666664,
      "transform_matrix": [
        [
          -0.5001346468925476,
          -5.9068312907584186e-08,
          0.8659476637840271,
          3.0299999713897705
        ],
        [
          0.8659476637840271,
          1.8967182313645026e-07,
          0.5001346468925476,
          1.75
        ],
        [
          -1.937879829938538e-07,
          1.0,
          -4.371138828673793e-08,
          0.699999988079071
        ],
        [
          0.0,
          0.0,
          0.0,
          1.0
        ]
      ]
    },
    {
      "file_path": "view12/frame_00002",
      "rotation": 0,
      "time": 0.041666666666666664,
      "transform_matrix": [
        [
          -0.9006288051605225,
          -2.0743196049721746e-09,
          -0.43458911776542664,
          -1.5199999809265137
        ],
        [
          -0.43458911776542664,
          4.753335858254104e-08,
          0.9006288051605225,
          3.1500000953674316
        ],
        [
          1.8789288347420552e-08,
          1.0,
          -4.371138828673793e-08,
          0.699999988079071
        ],
        [
          0.0,
          0.0,
          0.0,
          1.0
        ]
      ]
    },
    {
      "file_path": "view14/frame_00002",
      "rotation": 0,
      "time": 0.041666666666666664,
      "transform_matrix": [
        [
          -0.5001346468925476,
          5.9068312907584186e-08,
          -0.8659476637840271,
          -3.0299999713897705
        ],
        [
          -0.8659476637840271,
          1.8967182313645026e-07,
          0.5001346468925476,
          1.75
        ],
        [
          1.937879829938538e-07,
          1.0,
          -4.371138828673793e-08,
          0.699999988079071
        ],
        [
          0.0,
          0.0,
          0.0,
          1.0
        ]
      ]
    },
    {
      "file_path": "view04/frame_00002",
      "rotation": 0,
      "time": 0.041666666666666664,
      "transform_matrix": [
        [
          0.3654755651950836,
          5.3415192269312683e-08,
          0.9308209419250488,
          3.259999990463257
        ],
        [
          0.9308209419250488,
          1.6440464989386783e-08,
          -0.3654755651950836,
          -1.2799999713897705
        ],
        [
          -3.4825077932509885e-08,
          1.0,
          -4.371138828673793e-08,
          0.699999988079071
        ],
        [
          0.0,
          0.0,
          0.0,
          1.0
        ]
      ]
    },
    {
      "file_path": "view19/frame_00002",
      "rotation": 0,
      "time": 0.041666666666666664,
      "transform_matrix": [
        [
          0.8262878060340881,
          -7.981019400915557e-09,
          -0.5632480978965759,
          -1.9700000286102295
        ],
        [
          -0.5632480978965759,
          -4.7460577690117134e-08,
          -0.8262878060340881,
          -2.890000104904175
        ],
        [
          -2.013746147611073e-08,
          1.0,
          -4.371138828673793e-08,
          0.699999988079071
        ],
        [
          0.0,
          0.0,
          0.0,
          1.0
        ]
      ]
    },
    {
      "file_path": "view00/frame_00002",
      "rotation": 0,
      "time": 0.041666666666666664,
      "transform_matrix": [
        [
          1.0,
          0.0,
          0.0,
          0.0
        ],
        [
          0.0,
          -4.371138828673793e-08,
          -1.0,
          -3.5
        ],
        [
          0.0,
          1.0,
          -4.371138828673793e-08,
          0.699999988079071
        ],
        [
          0.0,
          0.0,
          0.0,
          1.0
        ]
      ]
    },
    {
      "file_path": "view13/frame_00002",
      "rotation": 0,
      "time": 0.041666666666666664,
      "transform_matrix": [
        [
          -0.7337079048156738,
          -3.0548871876590056e-08,
          -0.6794650554656982,
          -2.380000114440918
        ],
        [
          -0.6794650554656982,
          1.9376075499621948e-07,
          0.7337079048156738,
          2.569999933242798
        ],
        [
          1.0923970705789543e-07,
          1.0,
          -1.6292068494294654e-07,
          0.699999988079071
        ],
        [
          0.0,
          0.0,
          0.0,
          1.0
        ]
      ]
    },
    {
      "file_path": "view17/frame_00002",
      "rotation": 0,
      "time": 0.041666666666666664,
      "transform_matrix": [
        [
          0.3654755651950836,
          -5.3415192269312683e-08,
          -0.9308209419250488,
          -3.259999990463257
        ],
        [
          -0.9308209419250488,
          1.6440464989386783e-08,
          -0.3654755651950836,
          -1.2799999713897705
        ],
        [
          3.4825077932509885e-08,
          1.0,
          -4.371138828673793e-08,
          0.699999988079071
        ],
        [
          0.0,
          0.0,
          0.0,
          1.0
        ]
      ]
    },
    {
      "file_path": "view01/frame_00002",
      "rotation": 0,
      "time": 0.041666666666666664,
      "transform_matrix": [
        [
          0.9555932283401489,
          -3.894701450235516e-08,
          0.2946889400482178,
          1.0299999713897705
        ],
        [
          0.2946889400482178,
          -5.775327949208986e-08,
          -0.9555932283401489,
          -3.3399999141693115
        ],
        [
          5.42367573075353e-08,
          1.0,
          -4.371138828673793e-08,
          0.699999988079071
        ],
        [
          0.0,
          0.0,
          0.0,
          1.0
        ]
      ]
    },
    {
      "file_path": "view12/frame_00003",
      "rotation": 0,
      "time": 0.08333333333333333,
      "transform_matrix": [
        [
          -0.9006288051605225,
          -2.0743196049721746e-09,
          -0.43458911776542664,
          -1.5199999809265137
        ],
        [
          -0.43458911776542664,
          4.753335858254104e-08,
          0.9006288051605225,
          3.1500000953674316
        ],
        [
          1.8789288347420552e-08,
          1.0,
          -4.371138828673793e-08,
          0.699999988079071
        ],
        [
          0.0,
          0.0,
          0.0,
          1.0
        ]
      ]
    },
    {
      "file_path": "view00/frame_00003",
      "rotation": 0,
      "time": 0.08333333333333333,
      "transform_matrix": [
        [
          1.0,
          0.0,
          0.0,
          0.0
        ],
        [
          0.0,
          -4.371138828673793e-08,
          -1.0,
          -3.5
        ],
        [
          0.0,
          1.0,
          -4.371138828673793e-08,
          0.699999988079071
        ],
        [
          0.0,
          0.0,
          0.0,
          1.0
        ]
      ]
    },
    {
      "file_path": "view15/frame_00003",
      "rotation": 0,
      "time": 0.08333333333333333,
      "transform_matrix": [
        [
          -0.22298011183738708,
          -1.8523228106914758e-07,
          -0.974822998046875,
          -3.4100000858306885
        ],
        [
          -0.974822998046875,
          -7.914611188652998e-08,
          0.22298011183738708,
          0.7799999713897705
        ],
        [
          -1.1845656189279907e-07,
          1.0,
          -1.6292068494294654e-07,
          0.699999988079071
        ],
        [
          0.0,
          0.0,
          0.0,
          1.0
        ]
      ]
    },
    {
      "file_path": "view10/frame_00003",
      "rotation": 0,
      "time": 0.08333333333333333,
      "transform_matrix": [
        [
          -0.9888943433761597,
          -1.0250786175447502e-07,
          0.14862006902694702,
          0.5199999809265137
        ],
        [
          0.14862006902694702,
          1.801561495540227e-07,
          0.9888943433761597,
          3.4600000381469727
        ],
        [
          -1.281442649769815e-07,
          1.0,
          -1.6292068494294654e-07,
          0.699999988079071
        ],
        [
          0.0,
          0.0,
          0.0,
          1.0
        ]
      ]
    },
    {
      "file_path": "view07/frame_00003",
      "rotation": 0,
      "time": 0.08333333333333333,
      "transform_matrix": [
        [
          -0.5001346468925476,
          -5.9068312907584186e-08,
          0.8659476637840271,
          3.0299999713897705
        ],
        [
          0.8659476637840271,
          1.8967182313645026e-07,
          0.5001346468925476,
          1.75
        ],
        [
          -1.937879829938538e-07,
          1.0,
          -4.371138828673793e-08,
          0.699999988079071
        ],
        [
          0.0,
          0.0,
          0.0,
          1.0
        ]
      ]
    },
    {
      "file_path": "view17/frame_00003",
      "rotation": 0,
      "time": 0.08333333333333333,
      "transform_matrix": [
        [
          0.3654755651950836,
          -5.3415192269312683e-08,
          -0.9308209419250488,
          -3.259999990463257
        ],
        [
          -0.9308209419250488,
          1.6440464989386783e-08,
          -0.3654755651950836,
          -1.2799999713897705
        ],
        [
          3.4825077932509885e-08,
          1.0,
          -4.371138828673793e-08,
          0.699999988079071
        ],
        [
          0.0,
          0.0,
          0.0,
          1.0
        ]
      ]
    },
    {
      "file_path": "view11/frame_00003",
      "rotation": 0,
      "time": 0.08333333333333333,
      "transform_matrix": [
        [
          -0.9888943433761597,
          1.0250786175447502e-07,
          -0.14862006902694702,
          -0.5199999809265137
        ],
        [
          -0.14862006902694702,
          1.801561495540227e-07,
          0.9888943433761597,
          3.4600000381469727
        ],
        [
          1.281442649769815e-07,
          1.0,
          -1.6292068494294654e-07,
          0.699999988079071
        ],
        [
          0.0,
          0.0,
          0.0,
          1.0
        ]
      ]
    },
    {
      "file_path": "view13/frame_00003",
      "rotation": 0,
      "time": 0.08333333333333333,
      "transform_matrix": [
        [
          -0.7337079048156738,
          -3.0548871876590056e-08,
          -0.6794650554656982,
          -2.380000114440918
        ],
        [
          -0.6794650554656982,
          1.9376075499621948e-07,
          0.7337079048156738,
          2.569999933242798
        ],
        [
          1.0923970705789543e-07,
          1.0,
          -1.6292068494294654e-07,
          0.699999988079071
        ],
        [
          0.0,
          0.0,
          0.0,
          1.0
        ]
      ]
    },
    {
      "file_path": "view01/frame_00003",
      "rotation": 0,
      "time": 0.08333333333333333,
      "transform_matrix": [
        [
          0.9555932283401489,
          -3.894701450235516e-08,
          0.2946889400482178,
          1.0299999713897705
        ],
        [
          0.2946889400482178,
          -5.775327949208986e-08,
          -0.9555932283401489,
          -3.3399999141693115
        ],
        [
          5.42367573075353e-08,
          1.0,
          -4.371138828673793e-08,
          0.699999988079071
        ],
        [
          0.0,
          0.0,
          0.0,
          1.0
        ]
      ]
    },
    {
      "file_path": "view03/frame_00003",
      "rotation": 0,
      "time": 0.08333333333333333,
      "transform_matrix": [
        [
          0.6226029992103577,
          5.7841464951025046e-08,
          0.7825378775596619,
          2.740000009536743
        ],
        [
          0.7825378775596619,
          2.492351436345075e-09,
          -0.6226029992103577,
          -2.180000066757202
        ],
        [
          -3.796262859623312e-08,
          1.0,
          -4.371138828673793e-08,
          0.699999988079071
        ],
        [
          0.0,
          0.0,
          0.0,
          1.0
        ]
      ]
    },
    {
      "file_path": "view09/frame_00003",
      "rotation": 0,
      "time": 0.08333333333333333,
      "transform_matrix": [
        [
          -0.9006288051605225,
          2.0743196049721746e-09,
          0.43458911776542664,
          1.5199999809265137
        ],
        [
          0.43458911776542664,
          4.753335858254104e-08,
          0.9006288051605225,
          3.1500000953674316
        ],
        [
          -1.8789288347420552e-08,
          1.0,
          -4.371138828673793e-08,
          0.699999988079071
        ],
        [
          0.0,
          0.0,
          0.0,
          1.0
        ]
      ]
    },
    {
      "file_path": "view14/frame_00003",
      "rotation": 0,
      "time": 0.08333333333333333,
      "transform_matrix": [
        [
          -0.5001346468925476,
          5.9068312907584186e-08,
          -0.8659476637840271,
          -3.0299999713897705
        ],
        [
          -0.8659476637840271,
          1.8967182313645026e-07,
          0.5001346468925476,
          1.75
        ],
        [
          1.937879829938538e-07,
          1.0,
          -4.371138828673793e-08,
          0.699999988079071
        ],
        [
          0.0,
          0.0,
          0.0,
          1.0
        ]
      ]
    },
    {
      "file_path": "view18/frame_00003",
      "rotation": 0,
      "time": 0.08333333333333333,
      "transform_matrix": [
        [
          0.6226029992103577,
          -5.7841464951025046e-08,
          -0.7825378775596619,
          -2.740000009536743
        ],
        [
          -0.7825378775596619,
          2.492351436345075e-09,
          -0.6226029992103577,
          -2.180000066757202
        ],
        [
          3.796262859623312e-08,
          1.0,
          -4.371138828673793e-08,
          0.699999988079071
        ],
        [
          0.0,
          0.0,
          0.0,
          1.0
        ]
      ]
    },
    {
      "file_path": "view02/frame_00003",
      "rotation": 0,
      "time": 0.08333333333333333,
      "transform_matrix": [
        [
          0.8262878060340881,
          7.981019400915557e-09,
          0.5632480978965759,
          1.9700000286102295
        ],
        [
          0.5632480978965759,
          -4.7460577690117134e-08,
          -0.8262878060340881,
          -2.890000104904175
        ],
        [
          2.013746147611073e-08,
          1.0,
          -4.371138828673793e-08,
          0.699999988079071
        ],
        [
          0.0,
          0.0,
          0.0,
          1.0
        ]
      ]
    },
    {
      "file_path": "view06/frame_00003",
      "rotation": 0,
      "time": 0.08333333333333333,
      "transform_matrix": [
        [
          -0.22298011183738708,
          1.8523228106914758e-07,
          0.974822998046875,
          3.4100000858306885
        ],
        [
          0.974822998046875,
          -7.914611188652998e-08,
          0.22298011183738708,
          0.7799999713897705
        ],
        [
          1.1845656189279907e-07,
          1.0,
          -1.6292068494294654e-07,
          0.699999988079071
        ],
        [
          0.0,
          0.0,
          0.0,
          1.0
        ]
      ]
    },
    {
      "file_path": "view04/frame_00003",
      "rotation": 0,
      "time": 0.08333333333333333,
      "transform_matrix": [
        [
          0.3654755651950836,
          5.3415192269312683e-08,
          0.9308209419250488,
          3.259999990463257
        ],
        [
          0.9308209419250488,
          1.6440464989386783e-08,
          -0.3654755651950836,
          -1.2799999713897705
        ],
        [
          -3.4825077932509885e-08,
          1.0,
          -4.371138828673793e-08,
          0.699999988079071
        ],
        [
          0.0,
          0.0,
          0.0,
          1.0
        ]
      ]
    },
    {
      "file_path": "view08/frame_00003",
      "rotation": 0,
      "time": 0.08333333333333333,
      "transform_matrix": [
        [
          -0.7337079048156738,
          3.0548871876590056e-08,
          0.6794650554656982,
          2.380000114440918
        ],
        [
          0.6794650554656982,
          1.9376075499621948e-07,
          0.7337079048156738,
          2.569999933242798
        ],
        [
          -1.0923970705789543e-07,
          1.0,
          -1.6292068494294654e-07,
          0.699999988079071
        ],
        [
          0.0,
          0.0,
          0.0,
          1.0
        ]
      ]
    },
    {
      "file_path": "view19/frame_00003",
      "rotation": 0,
      "time": 0.08333333333333333,
      "transform_matrix": [
        [
          0.8262878060340881,
          -7.981019400915557e-09,
          -0.5632480978965759,
          -1.9700000286102295
        ],
        [
          -0.5632480978965759,
          -4.7460577690117134e-08,
          -0.8262878060340881,
          -2.890000104904175
        ],
        [
          -2.013746147611073e-08,
          1.0,
          -4.371138828673793e-08,
          0.699999988079071
        ],
        [
          0.0,
          0.0,
          0.0,
          1.0
        ]
      ]
    },
    {
      "file_path": "view05/frame_00003",
      "rotation": 0,
      "time": 0.08333333333333333,
      "transform_matrix": [
        [
          0.07429277151823044,
          -7.758412579050855e-08,
          0.9972364902496338,
          3.490000009536743
        ],
        [
          0.9972364902496338,
          -2.519522901422988e-08,
          -0.07429277151823044,
          -0.25999999046325684
        ],
        [
          3.0889541591250236e-08,
          1.0,
          7.549790126404332e-08,
          0.699999988079071
        ],
        [
          0.0,
          0.0,
          0.0,
          1.0
        ]
      ]
    },
    {
      "file_path": "view20/frame_00003",
      "rotation": 0,
      "time": 0.08333333333333333,
      "transform_matrix": [
        [
          0.9555932283401489,
          3.894701450235516e-08,
          -0.2946889400482178,
          -1.0299999713897705
        ],
        [
          -0.2946889400482178,
          -5.775327949208986e-08,
          -0.9555932283401489,
          -3.3399999141693115
        ],
        [
          -5.42367573075353e-08,
          1.0,
          -4.371138828673793e-08,
          0.699999988079071
        ],
        [
          0.0,
          0.0,
          0.0,
          1.0
        ]
      ]
    },
    {
      "file_path": "view16/frame_00003",
      "rotation": 0,
      "time": 0.08333333333333333,
      "transform_matrix": [
        [
          0.07429277151823044,
          7.758412579050855e-08,
          -0.9972364902496338,
          -3.490000009536743
        ],
        [
          -0.9972364902496338,
          -2.519522901422988e-08,
          -0.07429277151823044,
          -0.25999999046325684
        ],
        [
          -3.0889541591250236e-08,
          1.0,
          7.549790126404332e-08,
          0.699999988079071
